   1.20000005      0.109425180       7.97776133E-02
   1.40000010      0.544234514      0.448625475    
   1.60000014      0.857021689      0.735813856    
   1.80000019      0.861215234      0.745131075    
   2.00000024      0.864540994      0.751155734    
   2.20000029      0.870540738      0.753079057    
   2.40000033      0.876577616      0.765201926    
   2.60000038      0.880575955      0.774283051    
   2.80000043      0.883869112      0.781959593    
   3.00000048      0.886451066      0.788121343    
